/tmp/tmp4mz90471/ligand_1.pdb
 OpenBabel06212515293D

 45 47  0  0  0  0  0  0  0  0999 V2000
    1.0420    1.2520    2.0920 C   0  0  0  0  0  0  0  0  0  0  0  0
    2.4770    1.2270    1.9780 N   0  0  0  0  0  0  0  0  0  0  0  0
    3.1210    1.1030    0.7740 C   0  0  0  0  0  0  0  0  0  0  0  0
    2.5200    1.0100   -0.2960 O   0  0  0  0  0  0  0  0  0  0  0  0
    4.6150    1.0660    0.8380 C   0  0  0  0  0  0  0  0  0  0  0  0
    5.3020    0.9100   -0.3180 C   0  0  0  0  0  0  0  0  0  0  0  0
    6.7560    0.8490   -0.3340 C   0  0  0  0  0  0  0  0  0  0  0  0
    7.6060    0.7190   -1.5710 C   0  0  0  0  0  0  0  0  0  0  0  0
    8.7900    1.0440   -1.5620 O   0  0  0  0  0  0  0  0  0  0  0  0
    7.0080    0.1910   -2.6950 N   0  0  0  0  0  0  0  0  0  0  0  0
    7.7550    0.0570   -3.9690 C   0  0  0  0  0  0  0  0  0  0  0  0
    6.9340   -0.5510   -5.1300 C   0  0  0  0  0  0  0  0  0  0  0  0
    8.1820   -1.3660   -5.5170 C   0  0  0  0  0  0  0  0  0  0  0  0
    8.6810   -1.1800   -4.0690 C   0  0  0  0  0  0  0  0  0  0  0  0
    7.4170    0.9830    0.8270 C   0  0  0  0  0  0  0  0  0  0  0  0
    6.7580    1.1330    2.0380 N   0  0  0  0  0  0  0  0  0  0  0  0
    7.5410    1.3270    3.2740 C   0  0  0  0  0  0  0  0  0  0  0  0
    7.8240    2.7910    3.5480 C   0  0  0  0  0  0  0  0  0  0  0  0
    6.9150    3.5610    4.2740 C   0  0  0  0  0  0  0  0  0  0  0  0
    7.0970    4.9400    4.3380 C   0  0  0  0  0  0  0  0  0  0  0  0
    8.1990    5.5090    3.7130 C   0  0  0  0  0  0  0  0  0  0  0  0
    9.0950    4.6680    3.0770 C   0  0  0  0  0  0  0  0  0  0  0  0
    8.9300    3.3300    2.9730 N   0  0  0  0  0  0  0  0  0  0  0  0
    5.3770    1.1930    2.1250 C   0  0  0  0  0  0  0  0  0  0  0  0
    4.7760    1.3430    3.1950 O   0  0  0  0  0  0  0  0  0  0  0  0
    0.7750    1.3250    3.1490 H   0  0  0  0  0  0  0  0  0  0  0  0
    0.6290    0.3350    1.6650 H   0  0  0  0  0  0  0  0  0  0  0  0
    0.6550    2.1170    1.5470 H   0  0  0  0  0  0  0  0  0  0  0  0
    3.0350    1.3230    2.8280 H   0  0  0  0  0  0  0  0  0  0  0  0
    4.7660    0.8500   -1.2620 H   0  0  0  0  0  0  0  0  0  0  0  0
    6.0450   -0.1110   -2.6490 H   0  0  0  0  0  0  0  0  0  0  0  0
    8.2540    0.9930   -4.2520 H   0  0  0  0  0  0  0  0  0  0  0  0
    6.5970    0.1620   -5.8880 H   0  0  0  0  0  0  0  0  0  0  0  0
    6.0860   -1.1720   -4.8220 H   0  0  0  0  0  0  0  0  0  0  0  0
    8.8140   -0.8810   -6.2690 H   0  0  0  0  0  0  0  0  0  0  0  0
    7.9950   -2.3990   -5.8230 H   0  0  0  0  0  0  0  0  0  0  0  0
    9.7510   -0.9760   -3.9780 H   0  0  0  0  0  0  0  0  0  0  0  0
    8.4200   -2.0120   -3.4060 H   0  0  0  0  0  0  0  0  0  0  0  0
    8.5070    0.9780    0.8690 H   0  0  0  0  0  0  0  0  0  0  0  0
    8.4810    0.7670    3.1980 H   0  0  0  0  0  0  0  0  0  0  0  0
    6.9920    0.8970    4.1190 H   0  0  0  0  0  0  0  0  0  0  0  0
    6.0540    3.1040    4.7530 H   0  0  0  0  0  0  0  0  0  0  0  0
    6.3720    5.5640    4.8520 H   0  0  0  0  0  0  0  0  0  0  0  0
    8.3530    6.5820    3.7190 H   0  0  0  0  0  0  0  0  0  0  0  0
    9.9910    5.0610    2.6050 H   0  0  0  0  0  0  0  0  0  0  0  0
  1  2  1  0  0  0  0
  1 26  1  0  0  0  0
  1 27  1  0  0  0  0
  1 28  1  0  0  0  0
  2  3  1  0  0  0  0
  2 29  1  0  0  0  0
  3  4  2  0  0  0  0
  3  5  1  0  0  0  0
  5  6  2  0  0  0  0
  5 24  1  0  0  0  0
  6  7  1  0  0  0  0
  6 30  1  0  0  0  0
  7  8  1  0  0  0  0
  7 15  2  0  0  0  0
  8  9  2  0  0  0  0
  8 10  1  0  0  0  0
 10 11  1  0  0  0  0
 10 31  1  0  0  0  0
 11 12  1  0  0  0  0
 11 14  1  0  0  0  0
 11 32  1  0  0  0  0
 12 13  1  0  0  0  0
 12 33  1  0  0  0  0
 12 34  1  0  0  0  0
 13 14  1  0  0  0  0
 13 35  1  0  0  0  0
 13 36  1  0  0  0  0
 14 37  1  0  0  0  0
 14 38  1  0  0  0  0
 15 16  1  0  0  0  0
 15 39  1  0  0  0  0
 16 17  1  0  0  0  0
 16 24  1  0  0  0  0
 17 18  1  0  0  0  0
 17 40  1  0  0  0  0
 17 41  1  0  0  0  0
 18 19  1  0  0  0  0
 18 23  2  0  0  0  0
 19 20  2  0  0  0  0
 19 42  1  0  0  0  0
 20 21  1  0  0  0  0
 20 43  1  0  0  0  0
 21 22  2  0  0  0  0
 21 44  1  0  0  0  0
 22 23  1  0  0  0  0
 22 45  1  0  0  0  0
 24 25  2  0  0  0  0
M  END
>  <COMPND>
    UNNAMED

>  <AUTHOR>
    GENERATED BY OPEN BABEL 3.1.0

>  <MASTER>
        0    0    0    0    0    0    0    0   45    0   45    0

$$$$
